1761164201482 0.000331989247311828 0
1761164233830 0.0006586700201612904 1
1761164264635 0.0009786847930107528 2
1761164295495 0.000970003 3
1761164326412 0.000960004 4
1761164356926 0.000950005 5
1761164386942 0.000940006 6
1761164417110 0.000930007 7
1761164455823 0.000920008 8
1761164493139 0.000910009 9
1761164529702 0.00090001 10
1761164565201 0.000890011 11
1761164601971 0.000880012 12
1761164638332 0.0008700130000000001 13
1761164673942 0.000860014 14
1761164708990 0.000850015 15
1761164741144 0.000840016 16
1761164769030 0.0008300170000000001 17
1761164799685 0.000820018 18
1761164835802 0.000810019 19
1761164870013 0.00080002 20
