1760910606033 0.28597 0
1760910967960 0.39047 1
1760911317786 0.39525 2
1760911639930 0.3334 3
1760911990340 0.31623 4
1760912386354 0.4356 5
1760912706908 0.46518 6
1760913032249 0.48427 7
1760913360552 0.69358 8
1760913689802 0.70379 9
1760914015894 0.68608 10
1760914341341 0.95773 11
1760914666717 0.98095 12
1760914982403 0.86011 13
1760915307704 0.9871 14
1760915634029 0.95173 15
1760915959118 0.99087 16
1760916283729 0.71695 17
1760916605511 0.96504 18
1760916925145 0.99153 19
1760917243017 0.99231 20
1760917560831 0.99274 21
1760917877654 0.97081 22
1760918194904 0.98299 23
1760918543310 0.9942 24
1760918887071 0.99361 25
1760919227164 0.99437 26
1760919561296 0.99335 27
1760919895655 0.99488 28
1760920230960 0.99472 29
1760920577167 0.99469 30
1760920926365 0.9949 31
1760921276008 0.9949 32
1760921625806 0.99493 33
1760921971855 0.99492 34
