1760910606033 0.33045 0
1760910967960 0.40864 1
1760911317786 0.39844 2
1760911639930 0.38978 3
1760911990340 0.33593 4
1760912386354 0.47498 5
1760912706908 0.48392 6
1760913032249 0.50327 7
1760913360552 0.69575 8
1760913689802 0.7056 9
1760914015894 0.69605 10
1760914341341 0.95885 11
1760914666717 0.98136 12
1760914982403 0.86208 13
1760915307704 0.98795 14
1760915634029 0.95322 15
1760915959118 0.99164 16
1760916283729 0.72399 17
1760916605511 0.96572 18
1760916925145 0.99226 19
1760917243017 0.99269 20
1760917560831 0.99334 21
1760917877654 0.97213 22
1760918194904 0.98422 23
1760918543310 0.99447 24
1760918887071 0.99391 25
1760919227164 0.99461 26
1760919561296 0.99379 27
1760919895655 0.99492 28
1760920230960 0.99478 29
1760920577167 0.99471 30
1760920926365 0.99491 31
1760921276008 0.99491 32
1760921625806 0.99493 33
1760921971855 0.99493 34
