1760910606033 0.31455 0
1760910967960 0.28497 1
1760911317786 0.36868 2
1760911639930 0.31668 3
1760911990340 0.25016 4
1760912386354 0.40382 5
1760912706908 0.35017 6
1760913032249 0.41244 7
1760913360552 0.65321 8
1760913689802 0.67191 9
1760914015894 0.53988 10
1760914341341 0.92478 11
1760914666717 0.95602 12
1760914982403 0.87292 13
1760915307704 0.9642 14
1760915634029 0.92864 15
1760915959118 0.97475 16
1760916283729 0.68103 17
1760916605511 0.94294 18
1760916925145 0.97337 19
1760917243017 0.98063 20
1760917560831 0.9808 21
1760917877654 0.94821 22
1760918194904 0.95817 23
1760918543310 0.99013 24
1760918887071 0.98514 25
1760919227164 0.98947 26
1760919561296 0.98097 27
1760919895655 0.99354 28
1760920230960 0.99168 29
1760920577167 0.98811 30
1760920926365 0.99426 31
1760921276008 0.99325 32
1760921625806 0.99409 33
1760921971855 0.99225 34
