1761166918500 0.96033 0
1761166945132 0.97787 1
1761166972395 0.96968 2
1761166998694 0.98754 3
1761167025456 0.97377 4
1761167051988 0.98754 5
1761167078300 0.96853 6
1761167108003 0.98476 7
1761167137961 0.99099 8
1761167167927 0.99475 9
1761167197911 0.99394 10
1761167227847 0.99344 11
1761167258218 0.98295 12
1761167288328 0.99213 13
1761167318429 0.99459 14
1761167348114 0.99066 15
1761167378076 0.99377 16
1761167408092 0.9923 17
1761167437887 0.99721 18
1761167467724 0.99639 19
1761167497587 0.99492 20
1761167527501 0.99639 21
1761167557492 0.99557 22
1761167587333 0.99689 23
1761167617847 0.99721 24
1761167647747 0.9982 25
1761167677740 0.99852 26
1761167707672 0.99672 27
1761167737814 0.99656 28
1761167768029 0.99885 29
1761167798329 0.99689 30
1761167828167 0.99639 31
1761167858030 0.99738 32
1761167888156 0.99885 33
1761167918228 0.99869 34
1761167948189 0.99885 35
1761167978209 0.99902 36
1761168008181 0.99852 37
1761168038032 0.99885 38
1761168067953 0.99836 39
1761168097762 0.99869 40
1761168127744 0.99885 41
1761168157609 0.99885 42
1761168187618 0.99869 43
1761168217664 0.99852 44
1761168247527 0.99803 45
1761168277579 0.99869 46
1761168307579 0.99869 47
1761168337418 0.99869 48
1761168367286 0.99869 49
1761168397764 0.99852 50
1761168427607 0.99885 51
1761168436579 0.9990165829658508 51
