1761166918500 1.0 0
1761166945132 1.0 1
1761166972395 1.0 2
1761166998694 1.0 3
1761167025456 1.0 4
1761167051988 1.0 5
1761167078300 1.0 6
1761167108003 1.0 7
1761167137961 1.0 8
1761167167927 1.0 9
1761167197911 1.0 10
1761167227847 1.0 11
1761167258218 1.0 12
1761167288328 1.0 13
1761167318429 1.0 14
1761167348114 1.0 15
1761167378076 1.0 16
1761167408092 1.0 17
1761167437887 1.0 18
1761167467724 1.0 19
1761167497587 1.0 20
1761167527501 1.0 21
1761167557492 1.0 22
1761167587333 1.0 23
1761167617847 1.0 24
1761167647747 1.0 25
1761167677740 1.0 26
1761167707672 1.0 27
1761167737814 1.0 28
1761167768029 1.0 29
1761167798329 1.0 30
1761167828167 1.0 31
1761167858030 1.0 32
1761167888156 1.0 33
1761167918228 1.0 34
1761167948189 1.0 35
1761167978209 1.0 36
1761168008181 1.0 37
1761168038032 1.0 38
1761168067953 1.0 39
1761168097762 1.0 40
1761168127744 1.0 41
1761168157609 1.0 42
1761168187618 1.0 43
1761168217664 1.0 44
1761168247527 1.0 45
1761168277579 1.0 46
1761168307579 1.0 47
1761168337418 1.0 48
1761168367286 1.0 49
1761168397764 1.0 50
1761168427607 1.0 51
1761168436579 1.0 51
