1761164201482 0.53231 0
1761164233830 0.29659 1
1761164264635 0.2658 2
1761164295495 0.2495 3
1761164326412 0.22826 4
1761164356926 0.2094 5
1761164386942 0.19966 6
1761164417110 0.18783 7
1761164455823 0.19145 8
1761164493139 0.18389 9
1761164529702 0.16799 10
1761164565201 0.18008 11
1761164601971 0.16034 12
1761164638332 0.17118 13
1761164673942 0.15922 14
1761164708990 0.15314 15
1761164741144 0.15532 16
1761164769030 0.14746 17
1761164799685 0.15075 18
1761164835802 0.15079 19
1761164870013 0.14046 20
