1761166912625 0.06713306451612903 0
1761166940192 0.03412641195564517 1
1761166967933 0.0011130933951612881 2
1761166994312 0.000970003 3
1761167021000 0.000960004 4
1761167047686 0.000950005 5
1761167073891 0.000940006 6
1761167102819 0.000930007 7
1761167132717 0.000920008 8
1761167162730 0.000910009 9
1761167192771 0.00090001 10
1761167222587 0.000890011 11
1761167252904 0.000880012 12
1761167283216 0.0008700130000000001 13
1761167313223 0.000860014 14
1761167343016 0.000850015 15
1761167372731 0.000840016 16
1761167402888 0.0008300170000000001 17
1761167432791 0.000820018 18
1761167462599 0.000810019 19
1761167492411 0.00080002 20
1761167522353 0.0007900210000000001 21
1761167552279 0.000780022 22
1761167582214 0.000770023 23
1761167612678 0.0007600240000000001 24
1761167642606 0.000750025 25
1761167672467 0.000740026 26
1761167702606 0.000730027 27
1761167732761 0.000720028 28
1761167762853 0.0007100289999999999 29
1761167793205 0.0007000299999999999 30
1761167823158 0.0006900309999999999 31
1761167852962 0.000680032 32
1761167882967 0.0006700329999999999 33
1761167913084 0.0006600339999999999 34
1761167943032 0.0006500350000000001 35
1761167973054 0.0006400360000000001 36
1761168002958 0.000630037 37
1761168032896 0.000620038 38
1761168062917 0.000610039 39
1761168092615 0.00060004 40
1761168122638 0.000590041 41
1761168152585 0.0005800420000000001 42
1761168182413 0.0005700430000000001 43
1761168212455 0.0005600440000000001 44
1761168242435 0.000550045 45
1761168272464 0.0005400460000000001 46
1761168302555 0.0005300470000000001 47
1761168332333 0.0005200480000000001 48
1761168362234 0.0005100489999999999 49
1761168392585 0.00050005 50
1761168422529 0.0004900509999999999 51
