1760910543315 0.6606 0
1760910900258 0.50298 1
1760911250723 0.41597 2
1760911586079 0.36573 3
1760911923889 0.32959 4
1760912315064 0.29077 5
1760912656086 0.27529 6
1760912976426 0.26931 7
1760913303705 0.25222 8
1760913632540 0.24464 9
1760913960559 0.24234 10
1760914286541 0.23912 11
1760914612211 0.22946 12
1760914927748 0.22299 13
1760915252747 0.2123 14
1760915579329 0.21017 15
1760915904347 0.20826 16
1760916229211 0.19838 17
1760916550286 0.18987 18
1760916873015 0.18771 19
1760917191817 0.18169 20
1760917509989 0.17935 21
1760917826681 0.17432 22
1760918143948 0.17029 23
1760918488712 0.17075 24
1760918833411 0.16631 25
1760919175047 0.16157 26
1760919508938 0.15847 27
1760919843591 0.15098 28
1760920179389 0.15142 29
1760920521959 0.15099 30
1760920871930 0.14655 31
1760921221677 0.14415 32
1760921570839 0.13591 33
1760921920245 0.13924 34
