1760910543315 1.42991 0
1760910900258 1.27476 1
1760911250723 1.22475 2
1760911586079 1.18846 3
1760911923889 1.16001 4
1760912315064 1.12821 5
1760912656086 1.10317 6
1760912976426 1.07978 7
1760913303705 1.02839 8
1760913632540 0.94345 9
1760913960559 0.8393 10
1760914286541 0.7725 11
1760914612211 0.71436 12
1760914927748 0.69851 13
1760915252747 0.67452 14
1760915579329 0.64826 15
1760915904347 0.63593 16
1760916229211 0.6161 17
1760916550286 0.60356 18
1760916873015 0.59793 19
1760917191817 0.58235 20
1760917509989 0.56913 21
1760917826681 0.56624 22
1760918143948 0.55856 23
1760918488712 0.54644 24
1760918833411 0.5403 25
1760919175047 0.53229 26
1760919508938 0.52394 27
1760919843591 0.51782 28
1760920179389 0.5134 29
1760920521959 0.50748 30
1760920871930 0.50084 31
1760921221677 0.49366 32
1760921570839 0.49222 33
1760921920245 0.48483 34
