1760910543315 1.22894 0
1760910900258 1.11018 1
1760911250723 1.05137 2
1760911586079 1.02363 3
1760911923889 1.00455 4
1760912315064 0.98778 5
1760912656086 0.98162 6
1760912976426 0.97994 7
1760913303705 0.9698 8
1760913632540 0.96736 9
1760913960559 0.96612 10
1760914286541 0.9644 11
1760914612211 0.96003 12
1760914927748 0.9564 13
1760915252747 0.95449 14
1760915579329 0.95306 15
1760915904347 0.95454 16
1760916229211 0.94895 17
1760916550286 0.94647 18
1760916873015 0.94338 19
1760917191817 0.94264 20
1760917509989 0.9408 21
1760917826681 0.94037 22
1760918143948 0.93866 23
1760918488712 0.9403 24
1760918833411 0.93788 25
1760919175047 0.93622 26
1760919508938 0.93618 27
1760919843591 0.93346 28
1760920179389 0.93294 29
1760920521959 0.93341 30
1760920871930 0.93179 31
1760921221677 0.93188 32
1760921570839 0.92397 33
1760921920245 0.92733 34
