1760929518470 0.0030700000000000007 35
1760929854010 0.002872 36
1760930189761 0.002674 37
1760930523992 0.002476 38
1760930852821 0.0022779999999999996 39
1760931207214 0.00208 40
1760931538313 0.0018820000000000006 41
1760931864501 0.0016840000000000006 42
1760932190340 0.0014860000000000001 43
1760932516207 0.001288 44
1760932843052 0.0010899999999999998 45
1760933171062 0.0008919999999999996 46
1760933497955 0.0006940000000000005 47
1760933824160 0.0004960000000000005 48
1760934149597 0.0002980000000000002 49
