1761166912625 0.53231 0
1761166940192 0.29659 1
1761166967933 0.2658 2
1761166994312 0.2495 3
1761167021000 0.22826 4
1761167047686 0.2094 5
1761167073891 0.19966 6
1761167102819 0.18783 7
1761167132717 0.19145 8
1761167162730 0.18389 9
1761167192771 0.16799 10
1761167222587 0.18008 11
1761167252904 0.16034 12
1761167283216 0.17118 13
1761167313223 0.15922 14
1761167343016 0.15314 15
1761167372731 0.15532 16
1761167402888 0.14746 17
1761167432791 0.15075 18
1761167462599 0.15079 19
1761167492411 0.14046 20
1761167522353 0.137 21
1761167552279 0.13812 22
1761167582214 0.13311 23
1761167612678 0.13441 24
1761167642606 0.12882 25
1761167672467 0.12936 26
1761167702606 0.12597 27
1761167732761 0.12693 28
1761167762853 0.13452 29
1761167793205 0.12563 30
1761167823158 0.11477 31
1761167852962 0.11962 32
1761167882967 0.11745 33
1761167913084 0.11631 34
1761167943032 0.11778 35
1761167973054 0.12213 36
1761168002958 0.11506 37
1761168032896 0.10721 38
1761168062917 0.10855 39
1761168092615 0.10274 40
1761168122638 0.10598 41
1761168152585 0.10037 42
1761168182413 0.09825 43
1761168212455 0.10667 44
1761168242435 0.09667 45
1761168272464 0.10202 46
1761168302555 0.0986 47
1761168332333 0.0963 48
1761168362234 0.09792 49
1761168392585 0.09632 50
1761168422529 0.09934 51
