1761164207503 0.96033 0
1761164239445 0.97787 1
1761164270106 0.96968 2
1761164301028 0.98754 3
1761164332027 0.97377 4
1761164362207 0.98754 5
1761164392094 0.96853 6
1761164423345 0.98476 7
1761164462354 0.99099 8
1761164499306 0.99475 9
1761164534948 0.99394 10
1761164571673 0.99344 11
1761164607997 0.98295 12
1761164644474 0.99213 13
1761164679778 0.99459 14
1761164714808 0.99066 15
1761164745992 0.99377 16
1761164774119 0.9923 17
1761164805585 0.99721 18
1761164842089 0.99639 19
1761164876154 0.99492 20
