1760910543315 0.07003024193548388 0
1760910900258 0.03989830846774194 1
1760911250723 0.009634375 2
1760911586079 0.009406 3
1760911923889 0.009208000000000001 4
1760912315064 0.00901 5
1760912656086 0.008812 6
1760912976426 0.008614 7
1760913303705 0.008416 8
1760913632540 0.008218000000000001 9
1760913960559 0.008020000000000001 10
1760914286541 0.007822 11
1760914612211 0.007624 12
1760914927748 0.007426 13
1760915252747 0.007228 14
1760915579329 0.00703 15
1760915904347 0.0068319999999999995 16
1760916229211 0.006633999999999999 17
1760916550286 0.006436000000000001 18
1760916873015 0.0062380000000000005 19
1760917191817 0.00604 20
1760917509989 0.005842000000000001 21
1760917826681 0.005644000000000001 22
1760918143948 0.005446000000000001 23
1760918488712 0.005248000000000001 24
1760918833411 0.00505 25
1760919175047 0.0048519999999999995 26
1760919508938 0.004654 27
1760919843591 0.004456 28
1760920179389 0.0042580000000000005 29
1760920521959 0.00406 30
1760920871930 0.003862 31
1760921221677 0.003664 32
1760921570839 0.003466 33
1760921920245 0.003268 34
